============================================================================================
ANSOFT                                                                              06/02/25
Terminal Z Parameter Plot 1                                                         16:09:12

--------------------------------------------------------------------------------------------
        Freq [GHz]   re(Zt(flux_line_1_T1,flux_line_1_T1)) []   im(Zt(flux_line_1_T1,flux_line_1_T1)) []
                                                                                                        
 1.000000000000000                         -0.000000000000506                       -503.282177053998794
 1.023333333333333                          0.000007865605390                       -491.358411265514064
 1.046666666666667                          0.000015146528422                       -479.956065792816560
 1.070000000000000                          0.000021892009539                       -469.041021974735543
 1.093333333333333                          0.000028146108343                       -458.582073551945768
 1.116666666666667                          0.000033948343947                       -448.550622385429619
 1.140000000000000                          0.000039334248672                       -438.920411542827935
 1.163333333333333                          0.000044335842940                       -429.667290506182837
 1.186666666666667                          0.000048982046782                       -420.769008079874425
 1.210000000000000                          0.000053299032606                       -412.205029259606988
 1.233333333333333                          0.000057310536180                       -403.956372889222109
 1.256666666666667                          0.000061038126994                       -396.005467403468174
 1.280000000000000                          0.000064501439858                       -388.336022348896449
 1.303333333333333                          0.000067718384343                       -380.932913705557155
 1.326666666666666                          0.000070705323830                       -373.782081310413673
 1.350000000000000                          0.000073477234613                       -366.870436918310247
 1.373333333333333                          0.000076047846854                       -360.185781635350452
 1.396666666666667                          0.000078429767603                       -353.716731628627031
 1.420000000000000                          0.000080634592593                       -347.452651160326297
 1.443333333333333                          0.000082673003179                       -341.383592117358148
 1.466666666666667                          0.000084554851034                       -335.500239313138309
 1.490000000000000                          0.000086289237734                       -329.793860928785307
 1.513333333333333                          0.000087884583324                       -324.256263539040276
 1.536666666666666                          0.000089348689510                       -318.879751235587207
 1.560000000000000                          0.000090688790797                       -313.657088418782962
 1.583333333333333                          0.000091911609170                       -308.581465879364089
 1.606666666666666                          0.000093023395423                       -303.646469835674452
 1.630000000000000                          0.000094029970715                       -298.846053630256790
 1.653333333333333                          0.000094936762903                       -294.174511823088835
 1.676666666666667                          0.000095748838704                       -289.626456447995906
 1.700000000000000                          0.000096470933258                       -285.196795224396908
 1.723333333333333                          0.000097107478081                       -280.880711539075264
 1.746666666666667                          0.000097662624304                       -276.673646032442548
 1.770000000000000                          0.000098140265250                       -272.571279641245951
 1.793333333333333                          0.000098544056330                       -268.569517965062630
 1.816666666666666                          0.000098877433729                       -264.664476837561722
 1.840000000000000                          0.000099143630522                       -260.852468995593995
 1.863333333333333                          0.000099345692263                       -257.129991749870499
 1.886666666666666                          0.000099486491074                       -253.493715570524643
 1.910000000000000                          0.000099568737839                       -249.940473509319929
 1.933333333333333                          0.000099594994442                       -246.467251387820511
 1.956666666666667                          0.000099567684476                       -243.071178687587548
 1.980000000000000                          0.000099489102131                       -239.749520084486477
 2.003333333333333                          0.000099361422111                       -236.499667574593502
 2.026666666666666                          0.000099186708004                       -233.319133144021606
 2.050000000000000                          0.000098966919205                       -230.205541939328157
 2.073333333333333                          0.000098703918422                       -227.156625899072338
 2.096666666666667                          0.000098399478158                       -224.170217810592845
 2.120000000000000                          0.000098055286356                       -221.244245759250134
 2.143333333333333                          0.000097672952538                       -218.376727940222821
 2.166666666666667                          0.000097254012177                       -215.565767805525525
 2.190000000000000                          0.000096799931605                       -212.809549521251199
 2.213333333333333                          0.000096312113231                       -210.106333712139190
 2.236666666666666                          0.000095791898328                       -207.454453472490457
 2.260000000000000                          0.000095240571859                       -204.852310624180689
 2.283333333333333                          0.000094659364706                       -202.298372204092942
 2.306666666666667                          0.000094049458836                       -199.791167164725891
 2.330000000000000                          0.000093411987905                       -197.329283273035770
 2.353333333333333                          0.000092748042657                       -194.911364193749222
 2.376666666666666                          0.000092058671180                       -192.536106744473216
 2.400000000000000                          0.000091344882724                       -190.202258310909144
 2.423333333333333                          0.000090607649718                       -187.908614411377556
 2.446666666666666                          0.000089847909499                       -185.654016400688761
 2.470000000000000                          0.000089066566742                       -183.437349304143225
 2.493333333333333                          0.000088264495184                       -181.257539773136841
 2.516666666666667                          0.000087442538883                       -179.113554154479033
 2.540000000000000                          0.000086601514458                       -177.004396666111290
 2.563333333333333                          0.000085742212386                       -174.929107672445582
 2.586666666666666                          0.000084865398050                       -172.886762053033351
 2.610000000000000                          0.000083971813525                       -170.876467658722646
 2.633333333333333                          0.000083062178697                       -168.897363849877479
 2.656666666666666                          0.000082137192077                       -166.948620111614900
 2.680000000000000                          0.000081197532150                       -165.029434741363417
 2.703333333333333                          0.000080243858662                       -163.139033604375527
 2.726666666666667                          0.000079276813011                       -161.276668953121145
 2.750000000000000                          0.000078297019334                       -159.441618306769840
 2.773333333333333                          0.000077305085545                       -157.633183387221294
 2.796666666666666                          0.000076301604102                       -155.850689108380834
 2.820000000000000                          0.000075287152118                       -154.093482615598361
 2.843333333333333                          0.000074262293033                       -152.360932372384639
 2.866666666666667                          0.000073227576613                       -150.652427291716322
 2.890000000000000                          0.000072183539518                       -148.967375909403756
 2.913333333333333                          0.000071130706315                       -147.305205597168595
 2.936666666666667                          0.000070069589734                       -145.665361813217714
 2.960000000000000                          0.000069000691137                       -144.047307388247305
 2.983333333333333                          0.000067924501060                       -142.450521844935764
 3.006666666666666                          0.000066841499561                       -140.874500749106318
 3.030000000000000                          0.000065752157134                       -139.318755090851397
 3.053333333333333                          0.000064656934229                       -137.782810694016490
 3.076666666666667                          0.000063556282419                       -136.266207652537645
 3.100000000000000                          0.000062450644319                       -134.768499792216602
 3.123333333333333                          0.000061340454127                       -133.289254156604073
 3.146666666666667                          0.000060226137766                       -131.828050515738767
 3.170000000000000                          0.000059108113289                       -130.384480896565549
 3.193333333333333                          0.000057986791112                       -128.958149133921040
 3.216666666666666                          0.000056862574282                       -127.548670441045289
 3.240000000000000                          0.000055735858749                       -126.155670998632701
 3.263333333333333                          0.000054607033403                       -124.778787561493871
 3.286666666666667                          0.000053476480712                       -123.417667081954860
 3.310000000000000                          0.000052344576464                       -122.071966349165763
 3.333333333333333                          0.000051211690209                       -120.741351643539204
 3.356666666666666                          0.000050078185495                       -119.425498405583213
 3.380000000000000                          0.000048944419620                       -118.124090918431150
 3.403333333333333                          0.000047810744383                       -116.836822003412180
 3.426666666666666                          0.000046677505814                       -115.563392728039474
 3.450000000000000                          0.000045545044495                       -114.303512125829101
 3.473333333333333                          0.000044413695564                       -113.056896927392145
 3.496666666666667                          0.000043283788860                       -111.823271302272431
 3.520000000000000                          0.000042155649276                       -110.602366611033034
 3.543333333333333                          0.000041029596515                       -109.393921167116716
 3.566666666666666                          0.000039905945332                       -108.197680008033785
 3.590000000000000                          0.000038785005636                       -107.013394675451778
 3.613333333333333                          0.000037667082678                       -105.840823003784550
 3.636666666666667                          0.000036552476988                       -104.679728916899407
 3.660000000000000                          0.000035441484438                       -103.529882232577933
 3.683333333333333                          0.000034334396366                       -102.391058474388217
 3.706666666666667                          0.000033231499805                       -101.263038690640698
 3.730000000000000                          0.000032133077160                       -100.145609280116474
 3.753333333333333                          0.000031039406544                        -99.038561824274410
 3.776666666666666                          0.000029950761807                        -97.941692925655033
 3.800000000000000                          0.000028867412561                        -96.854804052216181
 3.823333333333333                          0.000027789624166                        -95.777701387343967
 3.846666666666667                          0.000026717657745                        -94.710195685300917
 3.870000000000000                          0.000025651770462                        -93.652102131879062
 3.893333333333333                          0.000024592215109                        -92.603240210040269
 3.916666666666667                          0.000023539240657                        -91.563433570334709
 3.940000000000000                          0.000022493091815                        -90.532509905900199
 3.963333333333333                          0.000021454009449                        -89.510300831851623
 3.986666666666666                          0.000020422230246                        -88.496641768881844
 4.010000000000000                          0.000019397987066                        -87.491371830900732
 4.033333333333333                          0.000018381508590                        -86.494333716548581
 4.056666666666667                          0.000017373019758                        -85.505373604429238
 4.080000000000000                          0.000016372741404                        -84.524341051910454
 4.103333333333333                          0.000015380890455                        -83.551088897351789
 4.126666666666667                          0.000014397679994                        -82.585473165622702
 4.150000000000000                          0.000013423319005                        -81.627352976780671
 4.173333333333333                          0.000012458012684                        -80.676590457786645
 4.196666666666666                          0.000011501962328                        -79.733050657136374
 4.220000000000000                          0.000010555365144                        -78.796601462297900
 4.243333333333333                          0.000009618414539                        -77.867113519843443
 4.266666666666667                          0.000008691299983                        -76.944460158173968
 4.290000000000000                          0.000007774207006                        -76.028517312736653
 4.313333333333333                          0.000006867317198                        -75.119163453639885
 4.336666666666666                          0.000005970808232                        -74.216279515576431
 4.360000000000000                          0.000005084853782                        -73.319748829965263
 4.383333333333333                          0.000004209623602                        -72.429457059232135
 4.406666666666666                          0.000003345283486                        -71.545292133145594
 4.430000000000000                          0.000002491995251                        -70.667144187134980
 4.453333333333333                          0.000001649916715                        -69.794905502515533
 4.476666666666666                          0.000000819201676                        -68.928470448550868
 4.500000000000000                         -0.000000000000020                        -68.067735426285395
 4.523333333333333                         -0.000000807542557                        -67.212598814083535
 4.546666666666666                         -0.000001603284245                        -66.362960914810230
 4.570000000000000                         -0.000002387087306                        -65.518723904598673
 4.593333333333333                         -0.000003158818100                        -64.679791783143529
 4.616666666666666                         -0.000003918347046                        -63.846070325467728
 4.640000000000000                         -0.000004665548770                        -63.017467035109000
 4.663333333333333                         -0.000005400301757                        -62.193891098677213
 4.686666666666666                         -0.000006122488911                        -61.375253341732105
 4.710000000000000                         -0.000006831996981                        -60.561466185936411
 4.733333333333333                         -0.000007528717156                        -59.752443607439886
 4.756666666666666                         -0.000008212544592                        -58.948101096449676
 4.780000000000000                         -0.000008883378734                        -58.148355617947260
 4.803333333333333                         -0.000009541123218                        -57.353125573512344
 4.826666666666666                         -0.000010185685899                        -56.562330764213350
 4.850000000000000                         -0.000010816978895                        -55.775892354531393
 4.873333333333333                         -0.000011434918497                        -54.993732837278891
 4.896666666666666                         -0.000012039425450                        -54.215775999481110
 4.920000000000000                         -0.000012630424584                        -53.441946889186958
 4.943333333333333                         -0.000013207845160                        -52.672171783177546
 4.966666666666666                         -0.000013771620764                        -51.906378155542711
 4.990000000000000                         -0.000014321689223                        -51.144494647095357
 5.013333333333333                         -0.000014857992951                        -50.386451035596629
 5.036666666666666                         -0.000015380478404                        -49.632178206763662
 5.060000000000000                         -0.000015889096729                        -48.881608126034557
 5.083333333333333                         -0.000016383803299                        -48.134673811065014
 5.106666666666666                         -0.000016864558041                        -47.391309304932044
 5.130000000000000                         -0.000017331325126                        -46.651449650022450
 5.153333333333333                         -0.000017784073350                        -45.915030862581560
 5.176666666666666                         -0.000018222775962                        -45.181989907902611
 5.200000000000000                         -0.000018647410547                        -44.452264676133638
 5.223333333333333                         -0.000019057959325                        -43.725793958683283
 5.246666666666666                         -0.000019454408957                        -43.002517425204523
 5.270000000000000                         -0.000019836750659                        -42.282375601138298
 5.293333333333333                         -0.000020204980042                        -41.565309845798438
 5.316666666666666                         -0.000020559097416                        -40.851262330979424
 5.340000000000000                         -0.000020899107584                        -40.140176020071884
 5.363333333333333                         -0.000021225019849                        -39.431994647666642
 5.386666666666666                         -0.000021536848184                        -38.726662699633756
 5.410000000000000                         -0.000021834610963                        -38.024125393659155
 5.433333333333333                         -0.000022118331392                        -37.324328660225554
 5.456666666666666                         -0.000022388036979                        -36.627219124021835
 5.480000000000000                         -0.000022643760072                        -35.932744085767844
 5.503333333333333                         -0.000022885537427                        -35.240851504440435
 5.526666666666666                         -0.000023113410573                        -34.551489979887862
 5.550000000000000                         -0.000023327425480                        -33.864608735819822
 5.573333333333333                         -0.000023527632866                        -33.180157603160978
 5.596666666666666                         -0.000023714087955                        -32.498087003755352
 5.620000000000000                         -0.000023886850607                        -31.818347934410980
 5.643333333333333                         -0.000024045985323                        -31.140891951272920
 5.666666666666666                         -0.000024191561260                        -30.465671154513409
 5.690000000000000                         -0.000024323651959                        -29.792638173329969
 5.713333333333333                         -0.000024442335873                        -29.121746151239520
 5.736666666666666                         -0.000024547695784                        -28.452948731659720
 5.760000000000000                         -0.000024639819247                        -27.786200043767124
 5.783333333333333                         -0.000024718798296                        -27.121454688623544
 5.806666666666666                         -0.000024784729568                        -26.458667725560201
 5.830000000000000                         -0.000024837714360                        -25.797794658812464
 5.853333333333333                         -0.000024877858321                        -25.138791424395098
 5.876666666666666                         -0.000024905271842                        -24.481614377209858
 5.900000000000000                         -0.000024920069790                        -23.826220278378294
 5.923333333333333                         -0.000024922371459                        -23.172566282790367
 5.946666666666666                         -0.000024912300784                        -22.520609926861837
 5.970000000000000                         -0.000024889986084                        -21.870309116492674
 5.993333333333333                         -0.000024855560164                        -21.221622115219528
 6.016666666666666                         -0.000024809160296                        -20.574507532554374
 6.040000000000000                         -0.000024750928191                        -19.928924312502271
 6.063333333333333                         -0.000024681009930                        -19.284831722252676
 6.086666666666666                         -0.000024599555945                        -18.642189341035216
 6.110000000000000                         -0.000024506721156                        -18.000957049136208
 6.133333333333333                         -0.000024402664599                        -17.361095017066798
 6.156666666666666                         -0.000024287549757                        -16.722563694878517
 6.180000000000000                         -0.000024161544338                        -16.085323801619044
 6.203333333333333                         -0.000024024820270                        -15.449336314921970
 6.226666666666666                         -0.000023877553675                        -14.814562460725794
 6.250000000000000                         -0.000023719924843                        -14.180963703114905
 6.273333333333333                         -0.000023552118162                        -13.548501734278329
 6.296666666666666                         -0.000023374322177                        -12.917138464579299
 6.320000000000000                         -0.000023186729360                        -12.286836012730904
 6.343333333333333                         -0.000022989536296                        -11.657556696072813
 6.366666666666666                         -0.000022782943420                        -11.029263020942354
 6.390000000000000                         -0.000022567155115                        -10.401917673136849
 6.413333333333333                         -0.000022342379655                         -9.775483508459516
 6.436666666666666                         -0.000022108829087                         -9.149923543346183
 6.460000000000000                         -0.000021866719155                         -8.525200945566299
 6.483333333333333                         -0.000021616269351                         -7.901279024994088
 6.506666666666666                         -0.000021357702794                         -7.278121224444391
 6.530000000000000                         -0.000021091246187                         -6.655691110568852
 6.553333333333333                         -0.000020817129743                         -6.033952364807494
 6.576666666666666                         -0.000020535587069                         -5.412868774390591
 6.600000000000000                         -0.000020246855177                         -4.792404223386801
 6.623333333333333                         -0.000019951174425                         -4.172522683792436
 6.646666666666666                         -0.000019648788417                         -3.553188206657221
 6.670000000000000                         -0.000019339943827                         -2.934364913242024
 6.693333333333333                         -0.000019024890560                         -2.316016986204331
 6.716666666666666                         -0.000018703881345                         -1.698108660806355
 6.740000000000000                         -0.000018377171989                         -1.080604216141110
 6.763333333333333                         -0.000018045021096                         -0.463467966373356
 6.786666666666666                         -0.000017707689964                          0.153335748011773
 6.810000000000000                         -0.000017365442578                          0.769842568953871
 6.833333333333333                         -0.000017018545572                          1.386088129563162
 6.856666666666666                         -0.000016667267953                          2.002108062870358
 6.880000000000000                         -0.000016311881118                          2.617938010585309
 6.903333333333333                         -0.000015952658733                          3.233613631869346
 6.926666666666666                         -0.000015589876733                          3.849170612124955
 6.950000000000000                         -0.000015223812919                          4.464644671809037
 6.973333333333333                         -0.000014854747230                          5.080071575272048
 6.996666666666666                         -0.000014482961310                          5.695487139630320
 7.020000000000000                         -0.000014108738534                          6.310927243673447
 7.043333333333333                         -0.000013732364012                          6.926427836813986
 7.066666666666666                         -0.000013354124055                          7.542024948082553
 7.090000000000000                         -0.000012974306602                          8.157754695173631
 7.113333333333333                         -0.000012593200543                          8.773653293547159
 7.136666666666666                         -0.000012211096098                          9.389757065590274
 7.160000000000000                         -0.000011828284265                         10.006102449845079
 7.183333333333333                         -0.000011445056865                         10.622726010306216
 7.206666666666666                         -0.000011061706448                         11.239664445794233
 7.230000000000000                         -0.000010678525944                         11.856954599410180
 7.253333333333333                         -0.000010295808715                         12.474633468074872
 7.276666666666666                         -0.000009913848315                         13.092738212161398
 7.300000000000000                         -0.000009532938315                         13.711306165222300
 7.323333333333333                         -0.000009153372220                         14.330374843820653
 7.346666666666666                         -0.000008775443097                         14.949981957467896
 7.370000000000000                         -0.000008399443683                         15.570165418675886
 7.393333333333333                         -0.000008025665955                         16.190963353128137
 7.416666666666666                         -0.000007654401111                         16.812414109976412
 7.440000000000000                         -0.000007285939411                         17.434556272268818
 7.463333333333333                         -0.000006920569782                         18.057428667515243
 7.486666666666666                         -0.000006558579809                         18.681070378397589
 7.510000000000000                         -0.000006200255499                         19.305520753629374
 7.533333333333333                         -0.000005845881019                         19.930819418973368
 7.556666666666666                         -0.000005495738514                         20.557006288422620
 7.580000000000000                         -0.000005150107983                         21.184121575552240
 7.603333333333333                         -0.000004809266840                         21.812205805049871
 7.626666666666666                         -0.000004473490030                         22.441299824430313
 7.650000000000000                         -0.000004143049419                         23.071444815944179
 7.673333333333333                         -0.000003818213901                         23.702682308685905
 7.696666666666666                         -0.000003499248837                         24.335054190911197
 7.720000000000000                         -0.000003186416129                         24.968602722569749
 7.743333333333333                         -0.000002879973814                         25.603370548063907
 7.766666666666666                         -0.000002580175665                         26.239400709240432
 7.790000000000000                         -0.000002287271237                         26.876736658623937
 7.813333333333333                         -0.000002001505433                         27.515422272901993
 7.836666666666666                         -0.000001723118087                         28.155501866671518
 7.860000000000000                         -0.000001452344092                         28.797020206454210
 7.883333333333333                         -0.000001189412718                         29.440022524993108
 7.906666666666666                         -0.000000934547424                         30.084554535838830
 7.930000000000000                         -0.000000687965772                         30.730662448237602
 7.953333333333333                         -0.000000449878870                         31.378392982329832
 7.976666666666666                         -0.000000220491101                         32.027793384672862
 8.000000000000000                         -0.000000000000012                         32.678911444097452
 8.023333333333333                          0.000000211404285                         33.331795507910400
 8.046666666666667                          0.000000413539092                         33.986494498457418
 8.070000000000000                          0.000000606230011                         34.643057930055768
 8.093333333333334                          0.000000789310681                         35.301535926312091
 8.116666666666665                          0.000000962623467                         35.961979237839039
 8.140000000000001                          0.000001126019837                         36.624439260383227
 8.163333333333332                          0.000001279360386                         37.288968053380259
 8.186666666666666                          0.000001422515827                         37.955618358952201
 8.210000000000001                          0.000001555366708                         38.624443621360889
 8.233333333333333                          0.000001677804104                         39.295498006935972
 8.256666666666666                          0.000001789730082                         39.968836424492444
 8.279999999999999                          0.000001891057882                         40.644514546255500
 8.303333333333333                          0.000001981712601                         41.322588829310554
 8.326666666666666                          0.000002061631398                         42.003116537596632
 8.350000000000000                          0.000002130763998                         42.686155764463287
 8.373333333333333                          0.000002189073016                         43.371765455809097
 8.396666666666667                          0.000002236534376                         44.060005433824706
 8.420000000000000                          0.000002273138373                         44.750936421359619
 8.443333333333333                          0.000002298889095                         45.444620066935848
 8.466666666666667                          0.000002313805638                         46.141118970432096
 8.490000000000000                          0.000002317922378                         46.840496709460744
 8.513333333333334                          0.000002311289490                         47.542817866464219
 8.536666666666665                          0.000002293973280                         48.248148056554392
 8.560000000000000                          0.000002266056841                         48.956553956124374
 8.583333333333332                          0.000002227640621                         49.668103332257466
 8.606666666666666                          0.000002178842654                         50.382865072964826
 8.630000000000001                          0.000002119799720                         51.100909218280350
 8.653333333333332                          0.000002050666789                         51.822306992242979
 8.676666666666666                          0.000001971618906                         52.547130835802790
 8.699999999999999                          0.000001882850730                         53.275454440678871
 8.723333333333333                          0.000001784577658                         54.007352784209012
 8.746666666666666                          0.000001677035991                         54.742902165224578
 8.770000000000000                          0.000001560483948                         55.482180240990665
 8.793333333333331                          0.000001435201935                         56.225266065248974
 8.816666666666666                          0.000001301493529                         56.972240127406771
 8.840000000000000                          0.000001159685626                         57.723184392912181
 8.863333333333332                          0.000001010129460                         58.478182344863356
 8.886666666666667                          0.000000853201012                         59.237319026896479
 8.910000000000000                          0.000000689301949                         60.000681087399656
 8.933333333333332                          0.000000518859826                         60.768356825106842
 8.956666666666665                          0.000000342329482                         61.540436236121913
 8.980000000000000                          0.000000160192958                         62.317011062427326
 9.003333333333332                         -0.000000027039261                         63.098174841937357
 9.026666666666666                         -0.000000218827989                         63.884022960153764
 9.050000000000001                         -0.000000414603931                         64.674652703486501
 9.073333333333332                         -0.000000613767558                         65.470163314305353
 9.096666666666666                         -0.000000815688321                         66.270656047790538
 9.119999999999999                         -0.000001019703385                         67.076234230652844
 9.143333333333333                         -0.000001225117551                         67.887003321798147
 9.166666666666666                         -0.000001431201568                         68.703070975013802
 9.190000000000000                         -0.000001637192630                         69.524547103758280
 9.213333333333333                         -0.000001842291945                         70.351543948138996
 9.236666666666666                         -0.000002045665295                         71.184176144166486
 9.260000000000000                         -0.000002246441734                         72.022560795378524
 9.283333333333331                         -0.000002443712461                         72.866817546931927
 9.306666666666667                         -0.000002636530122                         73.717068662262321
 9.330000000000000                         -0.000002823908103                         74.573439102419186
 9.353333333333332                         -0.000003004819767                         75.436056608188565
 9.376666666666665                         -0.000003178196835                         76.305051785119318
 9.400000000000000                         -0.000003342929346                         77.180558191575088
 9.423333333333332                         -0.000003497864343                         78.062712429941726
 9.446666666666665                         -0.000003641804893                         78.951654241124302
 9.470000000000001                         -0.000003773508913                         79.847526602473906
 9.493333333333332                         -0.000003891689236                         80.750475829293379
 9.516666666666666                         -0.000003995011346                         81.660651680078089
 9.539999999999999                         -0.000004082093295                         82.578207465652781
 9.563333333333333                         -0.000004151504297                         83.503300162377869
 9.586666666666666                         -0.000004201763929                         84.436090529604300
 9.609999999999999                         -0.000004231341039                         85.376743231566024
 9.633333333333333                         -0.000004238653009                         86.325426963908825
 9.656666666666666                         -0.000004222064050                         87.282314585064611
 9.680000000000000                         -0.000004179885271                         88.247583252691371
 9.703333333333331                         -0.000004110372479                         89.221414565408253
 9.726666666666667                         -0.000004011726028                         90.203994710070816
 9.750000000000000                         -0.000003882089312                         91.195514614841855
 9.773333333333332                         -0.000003719548174                         92.196170108327195
 9.796666666666667                         -0.000003522129282                         93.206162085061251
 9.820000000000000                         -0.000003287799313                         94.225696677639533
 9.843333333333332                         -0.000003014464249                         95.254985435817389
 9.866666666666665                         -0.000002699968247                         96.294245512903728
 9.890000000000001                         -0.000002342092179                         97.343699859803721
 9.913333333333332                         -0.000001938552853                         98.403577427077934
 9.936666666666666                         -0.000001487002466                         99.474113375412628
 9.960000000000001                         -0.000000985026969                        100.555549294910492
 9.983333333333333                         -0.000000430145032                        101.648133433638606
10.006666666666666                          0.000000180191933                        102.752120935898773
10.029999999999999                          0.000000848602026                        103.867774090699925
10.053333333333333                          0.000001577772960                        104.995362590955708
10.076666666666666                          0.000002370462933                        106.135163803947208
10.100000000000000                          0.000003229501756                        107.287463053631470
10.123333333333331                          0.000004157791966                        108.452553915404764
10.146666666666667                          0.000005158308749                        109.630738523969825
10.170000000000000                          0.000006234101745                        110.822327894992156
10.193333333333332                          0.000007388294300                        112.027642261274849
10.216666666666667                          0.000008624086008                        113.247011424221654
10.240000000000000                          0.000009944751180                        114.480775121407817
10.263333333333332                          0.000011353641057                        115.729283411131291
10.286666666666665                          0.000012854183158                        116.992897074863563
10.310000000000000                          0.000014449882228                        118.271988038584070
10.333333333333332                          0.000016144319665                        119.566939814041206
10.356666666666666                          0.000017941154326                        120.878147961051923
10.380000000000001                          0.000019844122170                        122.206020572015376
10.403333333333332                          0.000021857036665                        123.550978779904014
10.426666666666666                          0.000023983787296                        124.913457291069463
10.449999999999999                          0.000026228340136                        126.293904944288840
10.473333333333333                          0.000028594736920                        127.692785297575597
10.496666666666666                          0.000031087093537                        129.110577244378021
10.520000000000000                          0.000033709600039                        130.547775660898424
10.543333333333331                          0.000036466518807                        132.004892086384274
10.566666666666666                          0.000039362182370                        133.482455438368106
10.590000000000000                          0.000042400992279                        134.981012764971638
10.613333333333332                          0.000045587416967                        136.501130036535358
10.636666666666667                          0.000048925988605                        138.043392978996764
10.660000000000000                          0.000052421300179                        139.608407951604960
10.683333333333332                          0.000056078002731                        141.196802871757086
10.706666666666665                          0.000059900800856                        142.809228189930366
10.730000000000000                          0.000063894448707                        144.446357917908642
10.753333333333332                          0.000068063745047                        146.108890713734951
10.776666666666666                          0.000072413527478                        147.797551027077418
10.800000000000001                          0.000076948666158                        149.513090308969652
10.823333333333332                          0.000081674057756                        151.256288290189701
10.846666666666666                          0.000086594615344                        153.027954332867779
10.869999999999999                          0.000091715263056                        154.828928860259992
10.893333333333333                          0.000097040923954                        156.660084870022132
10.916666666666666                          0.000102576509306                        158.522329536725579
10.940000000000000                          0.000108326908148                        160.416605909818998
10.963333333333333                          0.000114296972819                        162.343894713736688
10.986666666666666                          0.000120491504561                        164.305216257397291
11.010000000000000                          0.000126915236194                        166.301632460929198
11.033333333333331                          0.000133572816975                        168.334249008104905
11.056666666666667                          0.000140468789387                        170.404217633684340
11.080000000000000                          0.000147607567899                        172.512738555628886
11.103333333333332                          0.000154993416387                        174.661063063014893
11.126666666666665                          0.000162630419070                        176.850496271399265
11.150000000000000                          0.000170522449593                        179.082400058415402
11.173333333333332                          0.000178673141888                        181.358196193508093
11.196666666666665                          0.000187085850324                        183.679369676960249
11.220000000000001                          0.000195763609591                        186.047472304715967
11.243333333333332                          0.000204709091408                        188.464126477025673
11.266666666666666                          0.000213924554115                        190.931029270595246
11.289999999999999                          0.000223411788835                        193.449956795753394
11.313333333333333                          0.000233172057279                        196.022768862195534
11.336666666666666                          0.000243206026670                        198.651413979097867
11.359999999999999                          0.000253513694788                        201.337934717905398
11.383333333333333                          0.000264094308411                        204.084473468854867
11.406666666666666                          0.000274946269372                        206.893278625387154
11.430000000000000                          0.000286067040057                        209.766711234009648
11.453333333333331                          0.000297453022340                        212.707252151016093
11.476666666666667                          0.000309099442055                        215.717509751699964
11.500000000000000                          0.000321000203461                        218.800228242487265
11.523333333333332                          0.000333147741218                        221.958296631719122
11.546666666666667                          0.000345532845069                        225.194758420800241
11.570000000000000                          0.000358144470681                        228.512822084105011
11.593333333333332                          0.000370969528544                        231.915872413583656
11.616666666666665                          0.000383992643551                        235.407482812463797
11.640000000000001                          0.000397195894289                        238.991428631983240
11.663333333333332                          0.000410558512765                        242.671701655904741
11.686666666666666                          0.000424056555670                        246.452525849711662
11.710000000000001                          0.000437662532887                        250.338374505225005
11.733333333333333                          0.000451344989454                        254.333988927056055
11.756666666666666                          0.000465068040164                        258.444398825117219
11.779999999999999                          0.000478790839018                        262.674944597736044
11.803333333333333                          0.000492466991392                        267.031301713052244
11.826666666666666                          0.000506043882989                        271.519507422931270
11.850000000000000                          0.000519461928623                        276.145990073906319
11.873333333333331                          0.000532653712445                        280.917601314599324
11.896666666666667                          0.000545543029409                        285.841651539105499
11.920000000000000                          0.000558043782244                        290.925948952156091
11.943333333333332                          0.000570058738773                        296.178842695288154
11.966666666666667                          0.000581478113265                        301.609270535242729
11.990000000000000                          0.000592177943389                        307.226811687763188

